8
39.478417604357354 - sun
0.0 0.0 0.0
0.0 0.0 0.0
0.00009663678 4.04537843E-05
6.841052304436996E-01 -2.441095960267910E-01 -4.282564545235260E-02
2.44255100533 6.92571763481 -0.04595115843
0.00012003146 4.26349651E-05
1.649945920285202E-01 -1.003184178946831E+00 4.089521520968867E-05
6.09837966609 0.99636075012 -0.00006834791
0.00001274028 2.27075425E-05
-6.117738419937441E-01 1.498656097054611E+00 4.641914768971874E-02
-4.53854786027 -1.49683582097 0.08001694344
0.03769367487 0.000477895
-4.964699073426573E+00 -2.250155444234604E+00 1.204353585866650E-01
1.10559288138 -2.38257554174 -0.01484431989
0.01128632613 0.000402866697
-9.224562945908201E-01 -1.001434320276485E+01 2.107779463754050E-01
1.91891789133 -0.19517442866 -0.07299020462
0.00172372405 0.000170851362
1.804363150133514E+01 8.442421780939865E+00 -2.022774692678814E-01
-0.61793796002 1.23190944892 0.01257448095
0.00203368686 0.000165537115
2.851184491548341E+01 -9.151201573673033E+00 -4.686591349821399E-01
0.34417696158 1.09639594993 -0.03055418949








	

