672.6034	296.3429	236.0541667	-2.205663889
802.9928	302.9531	236.0091667	-2.211347222
736.7088	498.7438	236.0373333	-2.277283333
826.837		581.5215	236.0084167	-2.308119444
740.9634	688.5743	236.0409167	-2.342877778
758.7366	728.0473	236.0357917	-2.356811111
445.6686	715.0639	236.1435833	-2.344113889
196.3214	847.9483	236.23325	-2.383430556
257.1838	377.5263	236.199625	-2.222686111
371.3232	353.7024	236.159625	-2.217491667
185.6167	214.2555	236.22		-2.164380556
594.4427	942.512		236.0982083	-2.426694444
